runatic axe

- Position
x : -0.00364
y : 0.0007100038
z : 0.000799994

- Rotation
x : -12.402
y : 11.935
z : 290.152